[[  0.00000000e+00   1.25480000e+04]
 [  1.00000000e+00   1.41500000e+03]
 [  2.00000000e+00   8.99000000e+02]
 [  3.00000000e+00   5.85300000e+03]
 [  4.00000000e+00   1.23000000e+03]
 [  5.00000000e+00   1.67100000e+03]
 [  6.00000000e+00   1.05300000e+03]
 [  7.00000000e+00   4.31000000e+03]
 [  8.00000000e+00   9.95000000e+02]
 [  9.00000000e+00   7.59000000e+02]
 [  1.00000000e+01   7.67000000e+02]
 [  1.10000000e+01   2.20900000e+03]
 [  1.20000000e+01   2.04300000e+03]
 [  1.30000000e+01   1.02400000e+03]
 [  1.40000000e+01   9.43000000e+02]
 [  1.50000000e+01   1.79000000e+03]
 [  1.60000000e+01   1.86300000e+03]
 [  1.70000000e+01   1.18000000e+03]
 [  1.80000000e+01   1.46500000e+03]
 [  1.90000000e+01   1.23300000e+03]
 [  2.00000000e+01   1.04100000e+03]
 [  2.10000000e+01   1.11500000e+03]
 [  2.20000000e+01   2.17000000e+03]
 [  2.30000000e+01   1.38000000e+03]
 [  2.40000000e+01   1.12400000e+03]
 [  2.50000000e+01   6.09000000e+02]
 [  2.60000000e+01   1.36100000e+03]
 [  2.70000000e+01   1.81400000e+03]
 [  2.80000000e+01   6.14000000e+02]
 [  2.90000000e+01   5.29000000e+02]
 [  3.00000000e+01   1.60100000e+03]
 [  3.10000000e+01   1.67900000e+03]
 [  3.20000000e+01   8.27000000e+02]
 [  3.30000000e+01   5.17000000e+02]
 [  3.40000000e+01   3.60000000e+02]
 [  3.50000000e+01   7.09000000e+02]
 [  3.60000000e+01   5.33000000e+02]
 [  3.70000000e+01   4.58000000e+02]
 [  3.80000000e+01   5.58000000e+02]
 [  3.90000000e+01   7.72000000e+02]
 [  4.00000000e+01   5.03000000e+02]
 [  4.10000000e+01   3.18000000e+02]
 [  4.20000000e+01   3.48000000e+02]
 [  4.30000000e+01   1.24000000e+02]
 [  4.40000000e+01   1.57000000e+02]
 [  4.50000000e+01   4.28000000e+02]
 [  4.60000000e+01   3.79000000e+02]
 [  4.70000000e+01   2.40000000e+02]
 [  4.80000000e+01   2.15000000e+02]
 [  4.90000000e+01   1.34000000e+02]
 [  5.00000000e+01   5.76000000e+02]
 [  5.10000000e+01   1.06000000e+02]
 [  5.20000000e+01   2.46000000e+02]
 [  5.30000000e+01   1.24000000e+02]
 [  5.40000000e+01   6.43000000e+02]
 [  5.50000000e+01   1.65000000e+02]
 [  5.60000000e+01   2.92000000e+02]
 [  5.70000000e+01   9.04932000e+05]
 [  5.80000000e+01   1.61650000e+04]]