[[  0.00000000e+00   2.21440000e+04]
 [  1.00000000e+00   2.60300000e+03]
 [  2.00000000e+00   1.47600000e+03]
 [  3.00000000e+00   7.92100000e+03]
 [  4.00000000e+00   1.89700000e+03]
 [  5.00000000e+00   3.08200000e+03]
 [  6.00000000e+00   1.63500000e+03]
 [  7.00000000e+00   6.64100000e+03]
 [  8.00000000e+00   1.51300000e+03]
 [  9.00000000e+00   1.05400000e+03]
 [  1.00000000e+01   1.26700000e+03]
 [  1.10000000e+01   1.96200000e+03]
 [  1.20000000e+01   1.93400000e+03]
 [  1.30000000e+01   1.47900000e+03]
 [  1.40000000e+01   1.52500000e+03]
 [  1.50000000e+01   1.70500000e+03]
 [  1.60000000e+01   1.89600000e+03]
 [  1.70000000e+01   1.04500000e+03]
 [  1.80000000e+01   2.48900000e+03]
 [  1.90000000e+01   1.25100000e+03]
 [  2.00000000e+01   9.12000000e+02]
 [  2.10000000e+01   1.22100000e+03]
 [  2.20000000e+01   3.79500000e+03]
 [  2.30000000e+01   1.34300000e+03]
 [  2.40000000e+01   1.13900000e+03]
 [  2.50000000e+01   7.20000000e+02]
 [  2.60000000e+01   1.87400000e+03]
 [  2.70000000e+01   3.61400000e+03]
 [  2.80000000e+01   5.71000000e+02]
 [  2.90000000e+01   6.96000000e+02]
 [  3.00000000e+01   2.26700000e+03]
 [  3.10000000e+01   3.03700000e+03]
 [  3.20000000e+01   7.51000000e+02]
 [  3.30000000e+01   9.29000000e+02]
 [  3.40000000e+01   5.16000000e+02]
 [  3.50000000e+01   1.21300000e+03]
 [  3.60000000e+01   6.26000000e+02]
 [  3.70000000e+01   6.49000000e+02]
 [  3.80000000e+01   7.24000000e+02]
 [  3.90000000e+01   1.82300000e+03]
 [  4.00000000e+01   6.55000000e+02]
 [  4.10000000e+01   6.23000000e+02]
 [  4.20000000e+01   6.07000000e+02]
 [  4.30000000e+01   4.80000000e+02]
 [  4.40000000e+01   5.49000000e+02]
 [  4.50000000e+01   7.13000000e+02]
 [  4.60000000e+01   6.85000000e+02]
 [  4.70000000e+01   6.48000000e+02]
 [  4.80000000e+01   6.02000000e+02]
 [  4.90000000e+01   6.12000000e+02]
 [  5.00000000e+01   1.46500000e+03]
 [  5.10000000e+01   5.10000000e+02]
 [  5.20000000e+01   1.17100000e+03]
 [  5.30000000e+01   5.97000000e+02]
 [  5.40000000e+01   1.57000000e+03]
 [  5.50000000e+01   7.00000000e+02]
 [  5.60000000e+01   1.32200000e+03]
 [  5.70000000e+01   5.11128000e+05]
 [  5.80000000e+01   3.91160000e+04]]