[[  0.00000000e+00   2.22820000e+04]
 [  1.00000000e+00   3.10300000e+03]
 [  2.00000000e+00   1.73200000e+03]
 [  3.00000000e+00   5.75900000e+03]
 [  4.00000000e+00   1.79100000e+03]
 [  5.00000000e+00   3.23900000e+03]
 [  6.00000000e+00   2.05400000e+03]
 [  7.00000000e+00   5.89900000e+03]
 [  8.00000000e+00   1.78100000e+03]
 [  9.00000000e+00   1.29400000e+03]
 [  1.00000000e+01   1.24200000e+03]
 [  1.10000000e+01   2.13200000e+03]
 [  1.20000000e+01   2.00000000e+03]
 [  1.30000000e+01   1.42400000e+03]
 [  1.40000000e+01   1.53200000e+03]
 [  1.50000000e+01   2.13700000e+03]
 [  1.60000000e+01   2.05300000e+03]
 [  1.70000000e+01   1.31300000e+03]
 [  1.80000000e+01   1.82700000e+03]
 [  1.90000000e+01   1.45300000e+03]
 [  2.00000000e+01   1.20700000e+03]
 [  2.10000000e+01   1.41200000e+03]
 [  2.20000000e+01   2.51100000e+03]
 [  2.30000000e+01   1.31900000e+03]
 [  2.40000000e+01   1.27900000e+03]
 [  2.50000000e+01   8.35000000e+02]
 [  2.60000000e+01   1.50700000e+03]
 [  2.70000000e+01   2.11100000e+03]
 [  2.80000000e+01   6.84000000e+02]
 [  2.90000000e+01   8.25000000e+02]
 [  3.00000000e+01   1.76500000e+03]
 [  3.10000000e+01   1.76800000e+03]
 [  3.20000000e+01   8.22000000e+02]
 [  3.30000000e+01   7.24000000e+02]
 [  3.40000000e+01   4.46000000e+02]
 [  3.50000000e+01   9.70000000e+02]
 [  3.60000000e+01   5.57000000e+02]
 [  3.70000000e+01   6.24000000e+02]
 [  3.80000000e+01   6.04000000e+02]
 [  3.90000000e+01   1.09100000e+03]
 [  4.00000000e+01   5.55000000e+02]
 [  4.10000000e+01   4.59000000e+02]
 [  4.20000000e+01   4.38000000e+02]
 [  4.30000000e+01   3.82000000e+02]
 [  4.40000000e+01   3.71000000e+02]
 [  4.50000000e+01   4.26000000e+02]
 [  4.60000000e+01   4.12000000e+02]
 [  4.70000000e+01   4.33000000e+02]
 [  4.80000000e+01   3.95000000e+02]
 [  4.90000000e+01   3.59000000e+02]
 [  5.00000000e+01   8.17000000e+02]
 [  5.10000000e+01   3.05000000e+02]
 [  5.20000000e+01   6.75000000e+02]
 [  5.30000000e+01   2.52000000e+02]
 [  5.40000000e+01   7.97000000e+02]
 [  5.50000000e+01   3.38000000e+02]
 [  5.60000000e+01   7.84000000e+02]
 [  5.70000000e+01   1.00029200e+06]
 [  5.80000000e+01   3.04890000e+04]]