[[  0.00000000e+00   1.87040000e+04]
 [  1.00000000e+00   2.70200000e+03]
 [  2.00000000e+00   1.42600000e+03]
 [  3.00000000e+00   4.84400000e+03]
 [  4.00000000e+00   1.57800000e+03]
 [  5.00000000e+00   2.69700000e+03]
 [  6.00000000e+00   1.46900000e+03]
 [  7.00000000e+00   4.38500000e+03]
 [  8.00000000e+00   1.36900000e+03]
 [  9.00000000e+00   1.04200000e+03]
 [  1.00000000e+01   1.07200000e+03]
 [  1.10000000e+01   1.64100000e+03]
 [  1.20000000e+01   1.66200000e+03]
 [  1.30000000e+01   1.11300000e+03]
 [  1.40000000e+01   1.21900000e+03]
 [  1.50000000e+01   1.58900000e+03]
 [  1.60000000e+01   1.56300000e+03]
 [  1.70000000e+01   9.47000000e+02]
 [  1.80000000e+01   1.44800000e+03]
 [  1.90000000e+01   1.07100000e+03]
 [  2.00000000e+01   1.03100000e+03]
 [  2.10000000e+01   1.04300000e+03]
 [  2.20000000e+01   1.71200000e+03]
 [  2.30000000e+01   1.14100000e+03]
 [  2.40000000e+01   1.31000000e+03]
 [  2.50000000e+01   7.98000000e+02]
 [  2.60000000e+01   9.29000000e+02]
 [  2.70000000e+01   1.67900000e+03]
 [  2.80000000e+01   6.68000000e+02]
 [  2.90000000e+01   6.84000000e+02]
 [  3.00000000e+01   1.17200000e+03]
 [  3.10000000e+01   1.41900000e+03]
 [  3.20000000e+01   8.34000000e+02]
 [  3.30000000e+01   8.83000000e+02]
 [  3.40000000e+01   4.34000000e+02]
 [  3.50000000e+01   7.32000000e+02]
 [  3.60000000e+01   5.63000000e+02]
 [  3.70000000e+01   7.54000000e+02]
 [  3.80000000e+01   5.25000000e+02]
 [  3.90000000e+01   8.09000000e+02]
 [  4.00000000e+01   5.28000000e+02]
 [  4.10000000e+01   4.84000000e+02]
 [  4.20000000e+01   4.95000000e+02]
 [  4.30000000e+01   3.95000000e+02]
 [  4.40000000e+01   4.15000000e+02]
 [  4.50000000e+01   5.35000000e+02]
 [  4.60000000e+01   5.63000000e+02]
 [  4.70000000e+01   4.05000000e+02]
 [  4.80000000e+01   4.54000000e+02]
 [  4.90000000e+01   4.55000000e+02]
 [  5.00000000e+01   9.96000000e+02]
 [  5.10000000e+01   4.59000000e+02]
 [  5.20000000e+01   9.38000000e+02]
 [  5.30000000e+01   4.61000000e+02]
 [  5.40000000e+01   1.01300000e+03]
 [  5.50000000e+01   4.74000000e+02]
 [  5.60000000e+01   1.04200000e+03]
 [  5.70000000e+01   5.14786000e+05]
 [  5.80000000e+01   3.03530000e+04]]