[[  0.00000000e+00   1.39790000e+04]
 [  1.00000000e+00   1.83500000e+03]
 [  2.00000000e+00   1.09600000e+03]
 [  3.00000000e+00   3.85800000e+03]
 [  4.00000000e+00   1.06300000e+03]
 [  5.00000000e+00   1.94900000e+03]
 [  6.00000000e+00   1.17000000e+03]
 [  7.00000000e+00   4.35700000e+03]
 [  8.00000000e+00   1.14800000e+03]
 [  9.00000000e+00   8.25000000e+02]
 [  1.00000000e+01   8.14000000e+02]
 [  1.10000000e+01   1.38400000e+03]
 [  1.20000000e+01   1.28100000e+03]
 [  1.30000000e+01   9.05000000e+02]
 [  1.40000000e+01   9.35000000e+02]
 [  1.50000000e+01   1.41800000e+03]
 [  1.60000000e+01   1.32300000e+03]
 [  1.70000000e+01   7.47000000e+02]
 [  1.80000000e+01   1.27200000e+03]
 [  1.90000000e+01   8.45000000e+02]
 [  2.00000000e+01   8.21000000e+02]
 [  2.10000000e+01   8.97000000e+02]
 [  2.20000000e+01   1.46200000e+03]
 [  2.30000000e+01   8.17000000e+02]
 [  2.40000000e+01   9.17000000e+02]
 [  2.50000000e+01   5.28000000e+02]
 [  2.60000000e+01   9.63000000e+02]
 [  2.70000000e+01   1.24500000e+03]
 [  2.80000000e+01   4.55000000e+02]
 [  2.90000000e+01   5.02000000e+02]
 [  3.00000000e+01   1.02500000e+03]
 [  3.10000000e+01   9.99000000e+02]
 [  3.20000000e+01   5.35000000e+02]
 [  3.30000000e+01   6.22000000e+02]
 [  3.40000000e+01   3.32000000e+02]
 [  3.50000000e+01   5.64000000e+02]
 [  3.60000000e+01   3.33000000e+02]
 [  3.70000000e+01   4.98000000e+02]
 [  3.80000000e+01   4.04000000e+02]
 [  3.90000000e+01   6.61000000e+02]
 [  4.00000000e+01   3.50000000e+02]
 [  4.10000000e+01   3.39000000e+02]
 [  4.20000000e+01   3.42000000e+02]
 [  4.30000000e+01   2.37000000e+02]
 [  4.40000000e+01   2.46000000e+02]
 [  4.50000000e+01   3.36000000e+02]
 [  4.60000000e+01   3.30000000e+02]
 [  4.70000000e+01   2.93000000e+02]
 [  4.80000000e+01   2.79000000e+02]
 [  4.90000000e+01   2.97000000e+02]
 [  5.00000000e+01   7.28000000e+02]
 [  5.10000000e+01   2.71000000e+02]
 [  5.20000000e+01   6.08000000e+02]
 [  5.30000000e+01   2.62000000e+02]
 [  5.40000000e+01   6.79000000e+02]
 [  5.50000000e+01   2.90000000e+02]
 [  5.60000000e+01   6.13000000e+02]
 [  5.70000000e+01   4.89693000e+05]
 [  5.80000000e+01   2.15830000e+04]]