[[  0.00000000e+00   1.50980000e+04]
 [  1.00000000e+00   2.12900000e+03]
 [  2.00000000e+00   1.16800000e+03]
 [  3.00000000e+00   3.86900000e+03]
 [  4.00000000e+00   1.16500000e+03]
 [  5.00000000e+00   2.17600000e+03]
 [  6.00000000e+00   1.23700000e+03]
 [  7.00000000e+00   3.87400000e+03]
 [  8.00000000e+00   1.19000000e+03]
 [  9.00000000e+00   8.20000000e+02]
 [  1.00000000e+01   8.64000000e+02]
 [  1.10000000e+01   1.43700000e+03]
 [  1.20000000e+01   1.30100000e+03]
 [  1.30000000e+01   9.67000000e+02]
 [  1.40000000e+01   9.68000000e+02]
 [  1.50000000e+01   1.35200000e+03]
 [  1.60000000e+01   1.29600000e+03]
 [  1.70000000e+01   8.53000000e+02]
 [  1.80000000e+01   1.15400000e+03]
 [  1.90000000e+01   8.47000000e+02]
 [  2.00000000e+01   8.32000000e+02]
 [  2.10000000e+01   9.31000000e+02]
 [  2.20000000e+01   1.41500000e+03]
 [  2.30000000e+01   8.83000000e+02]
 [  2.40000000e+01   9.93000000e+02]
 [  2.50000000e+01   5.52000000e+02]
 [  2.60000000e+01   8.60000000e+02]
 [  2.70000000e+01   1.29600000e+03]
 [  2.80000000e+01   5.06000000e+02]
 [  2.90000000e+01   6.35000000e+02]
 [  3.00000000e+01   1.02900000e+03]
 [  3.10000000e+01   1.03800000e+03]
 [  3.20000000e+01   6.45000000e+02]
 [  3.30000000e+01   6.61000000e+02]
 [  3.40000000e+01   3.60000000e+02]
 [  3.50000000e+01   5.20000000e+02]
 [  3.60000000e+01   4.63000000e+02]
 [  3.70000000e+01   5.26000000e+02]
 [  3.80000000e+01   4.64000000e+02]
 [  3.90000000e+01   6.84000000e+02]
 [  4.00000000e+01   4.54000000e+02]
 [  4.10000000e+01   4.02000000e+02]
 [  4.20000000e+01   3.73000000e+02]
 [  4.30000000e+01   2.90000000e+02]
 [  4.40000000e+01   2.82000000e+02]
 [  4.50000000e+01   4.14000000e+02]
 [  4.60000000e+01   4.38000000e+02]
 [  4.70000000e+01   3.55000000e+02]
 [  4.80000000e+01   3.14000000e+02]
 [  4.90000000e+01   3.45000000e+02]
 [  5.00000000e+01   7.92000000e+02]
 [  5.10000000e+01   2.98000000e+02]
 [  5.20000000e+01   7.23000000e+02]
 [  5.30000000e+01   2.97000000e+02]
 [  5.40000000e+01   7.43000000e+02]
 [  5.50000000e+01   3.07000000e+02]
 [  5.60000000e+01   7.30000000e+02]
 [  5.70000000e+01   5.47052000e+05]
 [  5.80000000e+01   2.34790000e+04]]