[[  0.00000000e+00   1.47950000e+04]
 [  1.00000000e+00   2.12500000e+03]
 [  2.00000000e+00   1.09100000e+03]
 [  3.00000000e+00   3.43200000e+03]
 [  4.00000000e+00   1.22700000e+03]
 [  5.00000000e+00   2.22100000e+03]
 [  6.00000000e+00   1.36800000e+03]
 [  7.00000000e+00   3.71500000e+03]
 [  8.00000000e+00   1.17900000e+03]
 [  9.00000000e+00   8.55000000e+02]
 [  1.00000000e+01   8.90000000e+02]
 [  1.10000000e+01   1.43100000e+03]
 [  1.20000000e+01   1.41200000e+03]
 [  1.30000000e+01   9.40000000e+02]
 [  1.40000000e+01   1.00100000e+03]
 [  1.50000000e+01   1.40400000e+03]
 [  1.60000000e+01   1.37500000e+03]
 [  1.70000000e+01   8.92000000e+02]
 [  1.80000000e+01   1.12000000e+03]
 [  1.90000000e+01   8.82000000e+02]
 [  2.00000000e+01   8.95000000e+02]
 [  2.10000000e+01   9.81000000e+02]
 [  2.20000000e+01   1.21100000e+03]
 [  2.30000000e+01   8.60000000e+02]
 [  2.40000000e+01   1.06300000e+03]
 [  2.50000000e+01   7.46000000e+02]
 [  2.60000000e+01   8.65000000e+02]
 [  2.70000000e+01   1.14900000e+03]
 [  2.80000000e+01   5.91000000e+02]
 [  2.90000000e+01   6.68000000e+02]
 [  3.00000000e+01   1.05700000e+03]
 [  3.10000000e+01   9.51000000e+02]
 [  3.20000000e+01   7.03000000e+02]
 [  3.30000000e+01   7.38000000e+02]
 [  3.40000000e+01   3.68000000e+02]
 [  3.50000000e+01   5.45000000e+02]
 [  3.60000000e+01   4.36000000e+02]
 [  3.70000000e+01   6.16000000e+02]
 [  3.80000000e+01   4.89000000e+02]
 [  3.90000000e+01   5.19000000e+02]
 [  4.00000000e+01   4.71000000e+02]
 [  4.10000000e+01   4.19000000e+02]
 [  4.20000000e+01   4.21000000e+02]
 [  4.30000000e+01   2.85000000e+02]
 [  4.40000000e+01   2.71000000e+02]
 [  4.50000000e+01   3.93000000e+02]
 [  4.60000000e+01   4.20000000e+02]
 [  4.70000000e+01   3.97000000e+02]
 [  4.80000000e+01   3.24000000e+02]
 [  4.90000000e+01   3.29000000e+02]
 [  5.00000000e+01   8.11000000e+02]
 [  5.10000000e+01   3.32000000e+02]
 [  5.20000000e+01   7.90000000e+02]
 [  5.30000000e+01   3.18000000e+02]
 [  5.40000000e+01   7.49000000e+02]
 [  5.50000000e+01   3.91000000e+02]
 [  5.60000000e+01   7.94000000e+02]
 [  5.70000000e+01   5.26512000e+05]
 [  5.80000000e+01   2.33930000e+04]]