[[  0.00000000e+00   2.02810000e+04]
 [  1.00000000e+00   2.93500000e+03]
 [  2.00000000e+00   1.58700000e+03]
 [  3.00000000e+00   5.01800000e+03]
 [  4.00000000e+00   1.77100000e+03]
 [  5.00000000e+00   3.17800000e+03]
 [  6.00000000e+00   1.71900000e+03]
 [  7.00000000e+00   4.15100000e+03]
 [  8.00000000e+00   1.36700000e+03]
 [  9.00000000e+00   9.62000000e+02]
 [  1.00000000e+01   1.02300000e+03]
 [  1.10000000e+01   1.96700000e+03]
 [  1.20000000e+01   1.81800000e+03]
 [  1.30000000e+01   1.31900000e+03]
 [  1.40000000e+01   1.28700000e+03]
 [  1.50000000e+01   1.72900000e+03]
 [  1.60000000e+01   1.63200000e+03]
 [  1.70000000e+01   1.06000000e+03]
 [  1.80000000e+01   1.33900000e+03]
 [  1.90000000e+01   9.88000000e+02]
 [  2.00000000e+01   1.19600000e+03]
 [  2.10000000e+01   1.13600000e+03]
 [  2.20000000e+01   2.02300000e+03]
 [  2.30000000e+01   1.06400000e+03]
 [  2.40000000e+01   1.24300000e+03]
 [  2.50000000e+01   7.08000000e+02]
 [  2.60000000e+01   1.56100000e+03]
 [  2.70000000e+01   1.40800000e+03]
 [  2.80000000e+01   6.21000000e+02]
 [  2.90000000e+01   6.99000000e+02]
 [  3.00000000e+01   1.46300000e+03]
 [  3.10000000e+01   1.21900000e+03]
 [  3.20000000e+01   7.51000000e+02]
 [  3.30000000e+01   6.78000000e+02]
 [  3.40000000e+01   4.42000000e+02]
 [  3.50000000e+01   5.65000000e+02]
 [  3.60000000e+01   4.63000000e+02]
 [  3.70000000e+01   6.69000000e+02]
 [  3.80000000e+01   5.73000000e+02]
 [  3.90000000e+01   8.13000000e+02]
 [  4.00000000e+01   4.57000000e+02]
 [  4.10000000e+01   3.99000000e+02]
 [  4.20000000e+01   3.68000000e+02]
 [  4.30000000e+01   2.86000000e+02]
 [  4.40000000e+01   3.14000000e+02]
 [  4.50000000e+01   4.14000000e+02]
 [  4.60000000e+01   4.47000000e+02]
 [  4.70000000e+01   3.83000000e+02]
 [  4.80000000e+01   3.65000000e+02]
 [  4.90000000e+01   3.07000000e+02]
 [  5.00000000e+01   7.00000000e+02]
 [  5.10000000e+01   2.57000000e+02]
 [  5.20000000e+01   6.43000000e+02]
 [  5.30000000e+01   3.18000000e+02]
 [  5.40000000e+01   8.32000000e+02]
 [  5.50000000e+01   3.61000000e+02]
 [  5.60000000e+01   6.63000000e+02]
 [  5.70000000e+01   8.95179000e+05]
 [  5.80000000e+01   2.84130000e+04]]