[[  0.00000000e+00   1.48100000e+04]
 [  1.00000000e+00   2.01600000e+03]
 [  2.00000000e+00   1.18800000e+03]
 [  3.00000000e+00   5.53400000e+03]
 [  4.00000000e+00   1.23900000e+03]
 [  5.00000000e+00   2.04500000e+03]
 [  6.00000000e+00   1.07300000e+03]
 [  7.00000000e+00   4.04800000e+03]
 [  8.00000000e+00   1.01400000e+03]
 [  9.00000000e+00   7.24000000e+02]
 [  1.00000000e+01   8.65000000e+02]
 [  1.10000000e+01   1.68200000e+03]
 [  1.20000000e+01   1.57800000e+03]
 [  1.30000000e+01   9.03000000e+02]
 [  1.40000000e+01   8.66000000e+02]
 [  1.50000000e+01   1.44000000e+03]
 [  1.60000000e+01   1.42200000e+03]
 [  1.70000000e+01   8.03000000e+02]
 [  1.80000000e+01   1.40300000e+03]
 [  1.90000000e+01   8.54000000e+02]
 [  2.00000000e+01   8.31000000e+02]
 [  2.10000000e+01   8.11000000e+02]
 [  2.20000000e+01   1.78000000e+03]
 [  2.30000000e+01   9.79000000e+02]
 [  2.40000000e+01   1.12700000e+03]
 [  2.50000000e+01   5.79000000e+02]
 [  2.60000000e+01   1.24400000e+03]
 [  2.70000000e+01   1.47800000e+03]
 [  2.80000000e+01   5.71000000e+02]
 [  2.90000000e+01   5.31000000e+02]
 [  3.00000000e+01   1.33500000e+03]
 [  3.10000000e+01   1.34600000e+03]
 [  3.20000000e+01   6.89000000e+02]
 [  3.30000000e+01   7.06000000e+02]
 [  3.40000000e+01   3.57000000e+02]
 [  3.50000000e+01   5.71000000e+02]
 [  3.60000000e+01   4.78000000e+02]
 [  3.70000000e+01   6.41000000e+02]
 [  3.80000000e+01   4.72000000e+02]
 [  3.90000000e+01   7.64000000e+02]
 [  4.00000000e+01   4.44000000e+02]
 [  4.10000000e+01   4.46000000e+02]
 [  4.20000000e+01   3.72000000e+02]
 [  4.30000000e+01   3.26000000e+02]
 [  4.40000000e+01   3.61000000e+02]
 [  4.50000000e+01   4.98000000e+02]
 [  4.60000000e+01   4.83000000e+02]
 [  4.70000000e+01   3.88000000e+02]
 [  4.80000000e+01   3.37000000e+02]
 [  4.90000000e+01   3.85000000e+02]
 [  5.00000000e+01   9.50000000e+02]
 [  5.10000000e+01   3.41000000e+02]
 [  5.20000000e+01   7.69000000e+02]
 [  5.30000000e+01   3.81000000e+02]
 [  5.40000000e+01   9.88000000e+02]
 [  5.50000000e+01   4.03000000e+02]
 [  5.60000000e+01   8.73000000e+02]
 [  5.70000000e+01   4.04899000e+05]
 [  5.80000000e+01   2.52730000e+04]]