[[  0.00000000e+00   1.49680000e+04]
 [  1.00000000e+00   1.95500000e+03]
 [  2.00000000e+00   1.21300000e+03]
 [  3.00000000e+00   5.35700000e+03]
 [  4.00000000e+00   1.15700000e+03]
 [  5.00000000e+00   2.04100000e+03]
 [  6.00000000e+00   1.17000000e+03]
 [  7.00000000e+00   4.52800000e+03]
 [  8.00000000e+00   9.49000000e+02]
 [  9.00000000e+00   7.37000000e+02]
 [  1.00000000e+01   7.68000000e+02]
 [  1.10000000e+01   1.67800000e+03]
 [  1.20000000e+01   1.48600000e+03]
 [  1.30000000e+01   9.34000000e+02]
 [  1.40000000e+01   8.54000000e+02]
 [  1.50000000e+01   1.46400000e+03]
 [  1.60000000e+01   1.43900000e+03]
 [  1.70000000e+01   8.77000000e+02]
 [  1.80000000e+01   1.35400000e+03]
 [  1.90000000e+01   7.43000000e+02]
 [  2.00000000e+01   8.64000000e+02]
 [  2.10000000e+01   9.75000000e+02]
 [  2.20000000e+01   1.65400000e+03]
 [  2.30000000e+01   8.65000000e+02]
 [  2.40000000e+01   9.47000000e+02]
 [  2.50000000e+01   5.39000000e+02]
 [  2.60000000e+01   1.51800000e+03]
 [  2.70000000e+01   1.14000000e+03]
 [  2.80000000e+01   4.99000000e+02]
 [  2.90000000e+01   5.86000000e+02]
 [  3.00000000e+01   1.54900000e+03]
 [  3.10000000e+01   1.12700000e+03]
 [  3.20000000e+01   6.55000000e+02]
 [  3.30000000e+01   6.94000000e+02]
 [  3.40000000e+01   3.69000000e+02]
 [  3.50000000e+01   6.05000000e+02]
 [  3.60000000e+01   4.08000000e+02]
 [  3.70000000e+01   5.94000000e+02]
 [  3.80000000e+01   5.21000000e+02]
 [  3.90000000e+01   6.85000000e+02]
 [  4.00000000e+01   3.97000000e+02]
 [  4.10000000e+01   3.61000000e+02]
 [  4.20000000e+01   3.82000000e+02]
 [  4.30000000e+01   2.91000000e+02]
 [  4.40000000e+01   3.22000000e+02]
 [  4.50000000e+01   4.82000000e+02]
 [  4.60000000e+01   4.74000000e+02]
 [  4.70000000e+01   3.67000000e+02]
 [  4.80000000e+01   3.34000000e+02]
 [  4.90000000e+01   3.99000000e+02]
 [  5.00000000e+01   8.98000000e+02]
 [  5.10000000e+01   3.53000000e+02]
 [  5.20000000e+01   8.96000000e+02]
 [  5.30000000e+01   3.64000000e+02]
 [  5.40000000e+01   9.61000000e+02]
 [  5.50000000e+01   4.34000000e+02]
 [  5.60000000e+01   8.52000000e+02]
 [  5.70000000e+01   4.02444000e+05]
 [  5.80000000e+01   2.51590000e+04]]