[[  0.00000000e+00   9.68700000e+03]
 [  1.00000000e+00   1.39800000e+03]
 [  2.00000000e+00   7.64000000e+02]
 [  3.00000000e+00   2.32000000e+03]
 [  4.00000000e+00   8.63000000e+02]
 [  5.00000000e+00   1.67100000e+03]
 [  6.00000000e+00   7.85000000e+02]
 [  7.00000000e+00   1.78400000e+03]
 [  8.00000000e+00   6.90000000e+02]
 [  9.00000000e+00   4.15000000e+02]
 [  1.00000000e+01   5.19000000e+02]
 [  1.10000000e+01   8.81000000e+02]
 [  1.20000000e+01   9.32000000e+02]
 [  1.30000000e+01   6.01000000e+02]
 [  1.40000000e+01   5.45000000e+02]
 [  1.50000000e+01   8.44000000e+02]
 [  1.60000000e+01   7.07000000e+02]
 [  1.70000000e+01   5.06000000e+02]
 [  1.80000000e+01   5.70000000e+02]
 [  1.90000000e+01   4.92000000e+02]
 [  2.00000000e+01   7.04000000e+02]
 [  2.10000000e+01   5.03000000e+02]
 [  2.20000000e+01   7.80000000e+02]
 [  2.30000000e+01   5.45000000e+02]
 [  2.40000000e+01   7.58000000e+02]
 [  2.50000000e+01   4.17000000e+02]
 [  2.60000000e+01   5.24000000e+02]
 [  2.70000000e+01   6.05000000e+02]
 [  2.80000000e+01   3.52000000e+02]
 [  2.90000000e+01   4.17000000e+02]
 [  3.00000000e+01   5.62000000e+02]
 [  3.10000000e+01   4.86000000e+02]
 [  3.20000000e+01   4.25000000e+02]
 [  3.30000000e+01   3.90000000e+02]
 [  3.40000000e+01   1.76000000e+02]
 [  3.50000000e+01   2.08000000e+02]
 [  3.60000000e+01   2.71000000e+02]
 [  3.70000000e+01   4.23000000e+02]
 [  3.80000000e+01   2.83000000e+02]
 [  3.90000000e+01   2.87000000e+02]
 [  4.00000000e+01   2.33000000e+02]
 [  4.10000000e+01   2.35000000e+02]
 [  4.20000000e+01   1.97000000e+02]
 [  4.30000000e+01   1.73000000e+02]
 [  4.40000000e+01   1.54000000e+02]
 [  4.50000000e+01   2.54000000e+02]
 [  4.60000000e+01   2.52000000e+02]
 [  4.70000000e+01   1.96000000e+02]
 [  4.80000000e+01   1.68000000e+02]
 [  4.90000000e+01   1.74000000e+02]
 [  5.00000000e+01   3.95000000e+02]
 [  5.10000000e+01   1.46000000e+02]
 [  5.20000000e+01   3.95000000e+02]
 [  5.30000000e+01   1.63000000e+02]
 [  5.40000000e+01   4.55000000e+02]
 [  5.50000000e+01   2.20000000e+02]
 [  5.60000000e+01   4.39000000e+02]
 [  5.70000000e+01   3.85251000e+05]
 [  5.80000000e+01   1.45640000e+04]]