[[  0.00000000e+00   1.26270000e+04]
 [  1.00000000e+00   1.36700000e+03]
 [  2.00000000e+00   1.03500000e+03]
 [  3.00000000e+00   4.63600000e+03]
 [  4.00000000e+00   1.22200000e+03]
 [  5.00000000e+00   1.63900000e+03]
 [  6.00000000e+00   9.96000000e+02]
 [  7.00000000e+00   3.46300000e+03]
 [  8.00000000e+00   8.86000000e+02]
 [  9.00000000e+00   6.91000000e+02]
 [  1.00000000e+01   7.34000000e+02]
 [  1.10000000e+01   1.62200000e+03]
 [  1.20000000e+01   1.67100000e+03]
 [  1.30000000e+01   9.22000000e+02]
 [  1.40000000e+01   9.37000000e+02]
 [  1.50000000e+01   1.40100000e+03]
 [  1.60000000e+01   1.40100000e+03]
 [  1.70000000e+01   8.64000000e+02]
 [  1.80000000e+01   1.33800000e+03]
 [  1.90000000e+01   9.51000000e+02]
 [  2.00000000e+01   7.20000000e+02]
 [  2.10000000e+01   9.42000000e+02]
 [  2.20000000e+01   1.61300000e+03]
 [  2.30000000e+01   1.12100000e+03]
 [  2.40000000e+01   9.14000000e+02]
 [  2.50000000e+01   5.53000000e+02]
 [  2.60000000e+01   1.21100000e+03]
 [  2.70000000e+01   1.31600000e+03]
 [  2.80000000e+01   5.21000000e+02]
 [  2.90000000e+01   5.54000000e+02]
 [  3.00000000e+01   1.14900000e+03]
 [  3.10000000e+01   1.38700000e+03]
 [  3.20000000e+01   7.32000000e+02]
 [  3.30000000e+01   5.66000000e+02]
 [  3.40000000e+01   3.26000000e+02]
 [  3.50000000e+01   6.59000000e+02]
 [  3.60000000e+01   4.41000000e+02]
 [  3.70000000e+01   5.18000000e+02]
 [  3.80000000e+01   6.04000000e+02]
 [  3.90000000e+01   6.53000000e+02]
 [  4.00000000e+01   4.77000000e+02]
 [  4.10000000e+01   3.66000000e+02]
 [  4.20000000e+01   2.94000000e+02]
 [  4.30000000e+01   1.97000000e+02]
 [  4.40000000e+01   2.04000000e+02]
 [  4.50000000e+01   4.20000000e+02]
 [  4.60000000e+01   4.21000000e+02]
 [  4.70000000e+01   3.11000000e+02]
 [  4.80000000e+01   2.74000000e+02]
 [  4.90000000e+01   2.16000000e+02]
 [  5.00000000e+01   5.80000000e+02]
 [  5.10000000e+01   1.83000000e+02]
 [  5.20000000e+01   4.29000000e+02]
 [  5.30000000e+01   1.65000000e+02]
 [  5.40000000e+01   7.79000000e+02]
 [  5.50000000e+01   2.04000000e+02]
 [  5.60000000e+01   4.54000000e+02]
 [  5.70000000e+01   4.56475000e+05]
 [  5.80000000e+01   1.77590000e+04]]