[[  0.00000000e+00   1.57010000e+04]
 [  1.00000000e+00   2.31000000e+03]
 [  2.00000000e+00   1.30600000e+03]
 [  3.00000000e+00   4.10000000e+03]
 [  4.00000000e+00   1.24500000e+03]
 [  5.00000000e+00   2.47500000e+03]
 [  6.00000000e+00   1.19900000e+03]
 [  7.00000000e+00   3.59100000e+03]
 [  8.00000000e+00   1.03600000e+03]
 [  9.00000000e+00   7.98000000e+02]
 [  1.00000000e+01   7.93000000e+02]
 [  1.10000000e+01   1.57000000e+03]
 [  1.20000000e+01   1.46300000e+03]
 [  1.30000000e+01   1.06400000e+03]
 [  1.40000000e+01   1.00400000e+03]
 [  1.50000000e+01   1.37100000e+03]
 [  1.60000000e+01   1.34600000e+03]
 [  1.70000000e+01   8.56000000e+02]
 [  1.80000000e+01   1.09100000e+03]
 [  1.90000000e+01   7.33000000e+02]
 [  2.00000000e+01   1.09100000e+03]
 [  2.10000000e+01   8.68000000e+02]
 [  2.20000000e+01   1.48500000e+03]
 [  2.30000000e+01   7.93000000e+02]
 [  2.40000000e+01   1.20700000e+03]
 [  2.50000000e+01   6.83000000e+02]
 [  2.60000000e+01   1.10300000e+03]
 [  2.70000000e+01   1.14500000e+03]
 [  2.80000000e+01   6.09000000e+02]
 [  2.90000000e+01   7.30000000e+02]
 [  3.00000000e+01   1.14100000e+03]
 [  3.10000000e+01   9.25000000e+02]
 [  3.20000000e+01   7.23000000e+02]
 [  3.30000000e+01   7.15000000e+02]
 [  3.40000000e+01   3.94000000e+02]
 [  3.50000000e+01   4.17000000e+02]
 [  3.60000000e+01   4.22000000e+02]
 [  3.70000000e+01   6.62000000e+02]
 [  3.80000000e+01   5.33000000e+02]
 [  3.90000000e+01   5.82000000e+02]
 [  4.00000000e+01   4.60000000e+02]
 [  4.10000000e+01   3.92000000e+02]
 [  4.20000000e+01   4.04000000e+02]
 [  4.30000000e+01   3.07000000e+02]
 [  4.40000000e+01   3.13000000e+02]
 [  4.50000000e+01   4.36000000e+02]
 [  4.60000000e+01   4.82000000e+02]
 [  4.70000000e+01   4.05000000e+02]
 [  4.80000000e+01   3.62000000e+02]
 [  4.90000000e+01   4.25000000e+02]
 [  5.00000000e+01   8.53000000e+02]
 [  5.10000000e+01   3.31000000e+02]
 [  5.20000000e+01   8.17000000e+02]
 [  5.30000000e+01   3.99000000e+02]
 [  5.40000000e+01   8.59000000e+02]
 [  5.50000000e+01   3.87000000e+02]
 [  5.60000000e+01   9.15000000e+02]
 [  5.70000000e+01   5.00343000e+05]
 [  5.80000000e+01   2.59360000e+04]]