[[  0.00000000e+00   2.04350000e+04]
 [  1.00000000e+00   2.64000000e+03]
 [  2.00000000e+00   1.56500000e+03]
 [  3.00000000e+00   6.58500000e+03]
 [  4.00000000e+00   1.78400000e+03]
 [  5.00000000e+00   3.00000000e+03]
 [  6.00000000e+00   1.61300000e+03]
 [  7.00000000e+00   5.09200000e+03]
 [  8.00000000e+00   1.44300000e+03]
 [  9.00000000e+00   1.03800000e+03]
 [  1.00000000e+01   1.20100000e+03]
 [  1.10000000e+01   2.08400000e+03]
 [  1.20000000e+01   2.08100000e+03]
 [  1.30000000e+01   1.50200000e+03]
 [  1.40000000e+01   1.33100000e+03]
 [  1.50000000e+01   1.88600000e+03]
 [  1.60000000e+01   1.85800000e+03]
 [  1.70000000e+01   1.10500000e+03]
 [  1.80000000e+01   2.04300000e+03]
 [  1.90000000e+01   1.25400000e+03]
 [  2.00000000e+01   9.38000000e+02]
 [  2.10000000e+01   1.20700000e+03]
 [  2.20000000e+01   2.63800000e+03]
 [  2.30000000e+01   1.31400000e+03]
 [  2.40000000e+01   1.25700000e+03]
 [  2.50000000e+01   7.71000000e+02]
 [  2.60000000e+01   1.54500000e+03]
 [  2.70000000e+01   2.03700000e+03]
 [  2.80000000e+01   6.02000000e+02]
 [  2.90000000e+01   7.01000000e+02]
 [  3.00000000e+01   1.81800000e+03]
 [  3.10000000e+01   1.74500000e+03]
 [  3.20000000e+01   8.71000000e+02]
 [  3.30000000e+01   8.04000000e+02]
 [  3.40000000e+01   4.64000000e+02]
 [  3.50000000e+01   9.52000000e+02]
 [  3.60000000e+01   6.31000000e+02]
 [  3.70000000e+01   6.70000000e+02]
 [  3.80000000e+01   6.85000000e+02]
 [  3.90000000e+01   1.11900000e+03]
 [  4.00000000e+01   5.86000000e+02]
 [  4.10000000e+01   5.29000000e+02]
 [  4.20000000e+01   4.67000000e+02]
 [  4.30000000e+01   3.90000000e+02]
 [  4.40000000e+01   4.55000000e+02]
 [  4.50000000e+01   6.21000000e+02]
 [  4.60000000e+01   5.59000000e+02]
 [  4.70000000e+01   5.41000000e+02]
 [  4.80000000e+01   4.52000000e+02]
 [  4.90000000e+01   5.22000000e+02]
 [  5.00000000e+01   1.15100000e+03]
 [  5.10000000e+01   4.51000000e+02]
 [  5.20000000e+01   1.00800000e+03]
 [  5.30000000e+01   4.90000000e+02]
 [  5.40000000e+01   1.24600000e+03]
 [  5.50000000e+01   5.31000000e+02]
 [  5.60000000e+01   1.09000000e+03]
 [  5.70000000e+01   5.61952000e+05]
 [  5.80000000e+01   3.36610000e+04]]