[[  0.00000000e+00   1.40920000e+04]
 [  1.00000000e+00   1.60400000e+03]
 [  2.00000000e+00   1.06500000e+03]
 [  3.00000000e+00   4.88400000e+03]
 [  4.00000000e+00   1.27400000e+03]
 [  5.00000000e+00   1.82500000e+03]
 [  6.00000000e+00   1.03600000e+03]
 [  7.00000000e+00   4.03200000e+03]
 [  8.00000000e+00   9.68000000e+02]
 [  9.00000000e+00   6.67000000e+02]
 [  1.00000000e+01   8.21000000e+02]
 [  1.10000000e+01   1.46100000e+03]
 [  1.20000000e+01   1.46200000e+03]
 [  1.30000000e+01   1.00700000e+03]
 [  1.40000000e+01   9.01000000e+02]
 [  1.50000000e+01   1.34800000e+03]
 [  1.60000000e+01   1.29100000e+03]
 [  1.70000000e+01   8.35000000e+02]
 [  1.80000000e+01   1.38900000e+03]
 [  1.90000000e+01   8.20000000e+02]
 [  2.00000000e+01   5.57000000e+02]
 [  2.10000000e+01   8.71000000e+02]
 [  2.20000000e+01   1.90500000e+03]
 [  2.30000000e+01   8.21000000e+02]
 [  2.40000000e+01   8.07000000e+02]
 [  2.50000000e+01   4.62000000e+02]
 [  2.60000000e+01   1.27600000e+03]
 [  2.70000000e+01   1.46700000e+03]
 [  2.80000000e+01   3.92000000e+02]
 [  2.90000000e+01   4.15000000e+02]
 [  3.00000000e+01   1.39400000e+03]
 [  3.10000000e+01   1.25500000e+03]
 [  3.20000000e+01   5.17000000e+02]
 [  3.30000000e+01   5.41000000e+02]
 [  3.40000000e+01   3.24000000e+02]
 [  3.50000000e+01   6.46000000e+02]
 [  3.60000000e+01   4.21000000e+02]
 [  3.70000000e+01   4.52000000e+02]
 [  3.80000000e+01   5.02000000e+02]
 [  3.90000000e+01   7.93000000e+02]
 [  4.00000000e+01   3.53000000e+02]
 [  4.10000000e+01   3.24000000e+02]
 [  4.20000000e+01   3.69000000e+02]
 [  4.30000000e+01   2.96000000e+02]
 [  4.40000000e+01   3.08000000e+02]
 [  4.50000000e+01   4.20000000e+02]
 [  4.60000000e+01   4.07000000e+02]
 [  4.70000000e+01   3.90000000e+02]
 [  4.80000000e+01   3.43000000e+02]
 [  4.90000000e+01   3.57000000e+02]
 [  5.00000000e+01   8.96000000e+02]
 [  5.10000000e+01   2.95000000e+02]
 [  5.20000000e+01   7.11000000e+02]
 [  5.30000000e+01   3.63000000e+02]
 [  5.40000000e+01   9.36000000e+02]
 [  5.50000000e+01   3.95000000e+02]
 [  5.60000000e+01   7.77000000e+02]
 [  5.70000000e+01   3.61637000e+05]
 [  5.80000000e+01   2.37760000e+04]]