[[  0.00000000e+00   1.61150000e+04]
 [  1.00000000e+00   1.98100000e+03]
 [  2.00000000e+00   1.15900000e+03]
 [  3.00000000e+00   5.13900000e+03]
 [  4.00000000e+00   1.28000000e+03]
 [  5.00000000e+00   2.09700000e+03]
 [  6.00000000e+00   1.28600000e+03]
 [  7.00000000e+00   4.54400000e+03]
 [  8.00000000e+00   1.20700000e+03]
 [  9.00000000e+00   8.16000000e+02]
 [  1.00000000e+01   8.78000000e+02]
 [  1.10000000e+01   1.72000000e+03]
 [  1.20000000e+01   1.61100000e+03]
 [  1.30000000e+01   1.13800000e+03]
 [  1.40000000e+01   1.10300000e+03]
 [  1.50000000e+01   1.50500000e+03]
 [  1.60000000e+01   1.48800000e+03]
 [  1.70000000e+01   8.22000000e+02]
 [  1.80000000e+01   1.52500000e+03]
 [  1.90000000e+01   8.94000000e+02]
 [  2.00000000e+01   7.26000000e+02]
 [  2.10000000e+01   9.63000000e+02]
 [  2.20000000e+01   2.05600000e+03]
 [  2.30000000e+01   9.54000000e+02]
 [  2.40000000e+01   9.65000000e+02]
 [  2.50000000e+01   5.66000000e+02]
 [  2.60000000e+01   1.29200000e+03]
 [  2.70000000e+01   1.62400000e+03]
 [  2.80000000e+01   4.89000000e+02]
 [  2.90000000e+01   5.13000000e+02]
 [  3.00000000e+01   1.49800000e+03]
 [  3.10000000e+01   1.47000000e+03]
 [  3.20000000e+01   6.02000000e+02]
 [  3.30000000e+01   6.76000000e+02]
 [  3.40000000e+01   3.43000000e+02]
 [  3.50000000e+01   7.49000000e+02]
 [  3.60000000e+01   4.14000000e+02]
 [  3.70000000e+01   5.22000000e+02]
 [  3.80000000e+01   5.61000000e+02]
 [  3.90000000e+01   8.71000000e+02]
 [  4.00000000e+01   4.72000000e+02]
 [  4.10000000e+01   4.23000000e+02]
 [  4.20000000e+01   3.63000000e+02]
 [  4.30000000e+01   3.05000000e+02]
 [  4.40000000e+01   3.17000000e+02]
 [  4.50000000e+01   4.54000000e+02]
 [  4.60000000e+01   5.05000000e+02]
 [  4.70000000e+01   4.45000000e+02]
 [  4.80000000e+01   4.34000000e+02]
 [  4.90000000e+01   4.39000000e+02]
 [  5.00000000e+01   9.79000000e+02]
 [  5.10000000e+01   3.45000000e+02]
 [  5.20000000e+01   8.24000000e+02]
 [  5.30000000e+01   4.00000000e+02]
 [  5.40000000e+01   1.05000000e+03]
 [  5.50000000e+01   4.67000000e+02]
 [  5.60000000e+01   8.66000000e+02]
 [  5.70000000e+01   4.12987000e+05]
 [  5.80000000e+01   2.68150000e+04]]