[[  0.00000000e+00   9.70700000e+03]
 [  1.00000000e+00   1.15500000e+03]
 [  2.00000000e+00   6.70000000e+02]
 [  3.00000000e+00   3.46100000e+03]
 [  4.00000000e+00   7.66000000e+02]
 [  5.00000000e+00   1.36300000e+03]
 [  6.00000000e+00   7.02000000e+02]
 [  7.00000000e+00   3.02000000e+03]
 [  8.00000000e+00   6.59000000e+02]
 [  9.00000000e+00   4.34000000e+02]
 [  1.00000000e+01   4.52000000e+02]
 [  1.10000000e+01   1.04600000e+03]
 [  1.20000000e+01   9.80000000e+02]
 [  1.30000000e+01   6.05000000e+02]
 [  1.40000000e+01   5.87000000e+02]
 [  1.50000000e+01   9.20000000e+02]
 [  1.60000000e+01   9.97000000e+02]
 [  1.70000000e+01   4.79000000e+02]
 [  1.80000000e+01   9.71000000e+02]
 [  1.90000000e+01   5.79000000e+02]
 [  2.00000000e+01   4.63000000e+02]
 [  2.10000000e+01   5.27000000e+02]
 [  2.20000000e+01   1.40400000e+03]
 [  2.30000000e+01   5.28000000e+02]
 [  2.40000000e+01   5.95000000e+02]
 [  2.50000000e+01   3.27000000e+02]
 [  2.60000000e+01   8.96000000e+02]
 [  2.70000000e+01   9.93000000e+02]
 [  2.80000000e+01   2.73000000e+02]
 [  2.90000000e+01   3.29000000e+02]
 [  3.00000000e+01   9.80000000e+02]
 [  3.10000000e+01   8.58000000e+02]
 [  3.20000000e+01   3.63000000e+02]
 [  3.30000000e+01   3.73000000e+02]
 [  3.40000000e+01   2.00000000e+02]
 [  3.50000000e+01   4.30000000e+02]
 [  3.60000000e+01   2.62000000e+02]
 [  3.70000000e+01   2.80000000e+02]
 [  3.80000000e+01   2.96000000e+02]
 [  3.90000000e+01   5.78000000e+02]
 [  4.00000000e+01   2.36000000e+02]
 [  4.10000000e+01   2.22000000e+02]
 [  4.20000000e+01   2.06000000e+02]
 [  4.30000000e+01   1.52000000e+02]
 [  4.40000000e+01   1.93000000e+02]
 [  4.50000000e+01   2.10000000e+02]
 [  4.60000000e+01   2.57000000e+02]
 [  4.70000000e+01   2.38000000e+02]
 [  4.80000000e+01   2.06000000e+02]
 [  4.90000000e+01   1.87000000e+02]
 [  5.00000000e+01   4.98000000e+02]
 [  5.10000000e+01   1.73000000e+02]
 [  5.20000000e+01   4.49000000e+02]
 [  5.30000000e+01   1.84000000e+02]
 [  5.40000000e+01   5.25000000e+02]
 [  5.50000000e+01   1.78000000e+02]
 [  5.60000000e+01   4.69000000e+02]
 [  5.70000000e+01   3.26112000e+05]
 [  5.80000000e+01   1.50860000e+04]]