[[  0.00000000e+00   1.53000000e+04]
 [  1.00000000e+00   1.81900000e+03]
 [  2.00000000e+00   1.10600000e+03]
 [  3.00000000e+00   5.11800000e+03]
 [  4.00000000e+00   1.21100000e+03]
 [  5.00000000e+00   2.08700000e+03]
 [  6.00000000e+00   1.22100000e+03]
 [  7.00000000e+00   4.64400000e+03]
 [  8.00000000e+00   1.02600000e+03]
 [  9.00000000e+00   7.03000000e+02]
 [  1.00000000e+01   7.39000000e+02]
 [  1.10000000e+01   1.54500000e+03]
 [  1.20000000e+01   1.58900000e+03]
 [  1.30000000e+01   1.05300000e+03]
 [  1.40000000e+01   9.92000000e+02]
 [  1.50000000e+01   1.42800000e+03]
 [  1.60000000e+01   1.43900000e+03]
 [  1.70000000e+01   7.68000000e+02]
 [  1.80000000e+01   1.56100000e+03]
 [  1.90000000e+01   8.59000000e+02]
 [  2.00000000e+01   7.28000000e+02]
 [  2.10000000e+01   9.09000000e+02]
 [  2.20000000e+01   1.95100000e+03]
 [  2.30000000e+01   8.79000000e+02]
 [  2.40000000e+01   9.04000000e+02]
 [  2.50000000e+01   5.66000000e+02]
 [  2.60000000e+01   1.33400000e+03]
 [  2.70000000e+01   1.44700000e+03]
 [  2.80000000e+01   4.30000000e+02]
 [  2.90000000e+01   4.94000000e+02]
 [  3.00000000e+01   1.50300000e+03]
 [  3.10000000e+01   1.17200000e+03]
 [  3.20000000e+01   5.58000000e+02]
 [  3.30000000e+01   6.29000000e+02]
 [  3.40000000e+01   3.42000000e+02]
 [  3.50000000e+01   7.37000000e+02]
 [  3.60000000e+01   4.37000000e+02]
 [  3.70000000e+01   4.95000000e+02]
 [  3.80000000e+01   5.20000000e+02]
 [  3.90000000e+01   8.74000000e+02]
 [  4.00000000e+01   4.69000000e+02]
 [  4.10000000e+01   4.02000000e+02]
 [  4.20000000e+01   4.04000000e+02]
 [  4.30000000e+01   3.07000000e+02]
 [  4.40000000e+01   3.35000000e+02]
 [  4.50000000e+01   4.59000000e+02]
 [  4.60000000e+01   5.05000000e+02]
 [  4.70000000e+01   4.09000000e+02]
 [  4.80000000e+01   3.97000000e+02]
 [  4.90000000e+01   3.76000000e+02]
 [  5.00000000e+01   1.03300000e+03]
 [  5.10000000e+01   3.14000000e+02]
 [  5.20000000e+01   7.43000000e+02]
 [  5.30000000e+01   3.48000000e+02]
 [  5.40000000e+01   9.95000000e+02]
 [  5.50000000e+01   4.13000000e+02]
 [  5.60000000e+01   8.14000000e+02]
 [  5.70000000e+01   3.65816000e+05]
 [  5.80000000e+01   2.50700000e+04]]