[[  0.00000000e+00   2.08730000e+04]
 [  1.00000000e+00   2.69300000e+03]
 [  2.00000000e+00   1.53900000e+03]
 [  3.00000000e+00   6.43800000e+03]
 [  4.00000000e+00   1.68800000e+03]
 [  5.00000000e+00   2.84500000e+03]
 [  6.00000000e+00   1.64600000e+03]
 [  7.00000000e+00   6.57800000e+03]
 [  8.00000000e+00   1.54600000e+03]
 [  9.00000000e+00   1.14900000e+03]
 [  1.00000000e+01   1.16400000e+03]
 [  1.10000000e+01   2.24500000e+03]
 [  1.20000000e+01   2.16500000e+03]
 [  1.30000000e+01   1.38300000e+03]
 [  1.40000000e+01   1.39700000e+03]
 [  1.50000000e+01   2.11100000e+03]
 [  1.60000000e+01   2.14600000e+03]
 [  1.70000000e+01   1.23200000e+03]
 [  1.80000000e+01   2.15700000e+03]
 [  1.90000000e+01   1.27200000e+03]
 [  2.00000000e+01   1.33500000e+03]
 [  2.10000000e+01   1.47800000e+03]
 [  2.20000000e+01   2.55900000e+03]
 [  2.30000000e+01   1.36000000e+03]
 [  2.40000000e+01   1.54000000e+03]
 [  2.50000000e+01   9.40000000e+02]
 [  2.60000000e+01   1.64500000e+03]
 [  2.70000000e+01   2.11200000e+03]
 [  2.80000000e+01   7.13000000e+02]
 [  2.90000000e+01   8.80000000e+02]
 [  3.00000000e+01   1.97600000e+03]
 [  3.10000000e+01   1.64500000e+03]
 [  3.20000000e+01   9.76000000e+02]
 [  3.30000000e+01   1.02100000e+03]
 [  3.40000000e+01   5.75000000e+02]
 [  3.50000000e+01   1.06300000e+03]
 [  3.60000000e+01   6.07000000e+02]
 [  3.70000000e+01   8.28000000e+02]
 [  3.80000000e+01   7.71000000e+02]
 [  3.90000000e+01   1.06500000e+03]
 [  4.00000000e+01   6.73000000e+02]
 [  4.10000000e+01   6.37000000e+02]
 [  4.20000000e+01   6.29000000e+02]
 [  4.30000000e+01   4.20000000e+02]
 [  4.40000000e+01   4.64000000e+02]
 [  4.50000000e+01   6.69000000e+02]
 [  4.60000000e+01   6.61000000e+02]
 [  4.70000000e+01   6.03000000e+02]
 [  4.80000000e+01   5.08000000e+02]
 [  4.90000000e+01   5.58000000e+02]
 [  5.00000000e+01   1.47800000e+03]
 [  5.10000000e+01   5.20000000e+02]
 [  5.20000000e+01   1.13100000e+03]
 [  5.30000000e+01   5.88000000e+02]
 [  5.40000000e+01   1.48100000e+03]
 [  5.50000000e+01   5.62000000e+02]
 [  5.60000000e+01   1.23700000e+03]
 [  5.70000000e+01   5.88446000e+05]
 [  5.80000000e+01   3.68130000e+04]]