[[  0.00000000e+00   1.08700000e+04]
 [  1.00000000e+00   9.52000000e+02]
 [  2.00000000e+00   8.67000000e+02]
 [  3.00000000e+00   5.61500000e+03]
 [  4.00000000e+00   9.97000000e+02]
 [  5.00000000e+00   1.20700000e+03]
 [  6.00000000e+00   8.83000000e+02]
 [  7.00000000e+00   3.68000000e+03]
 [  8.00000000e+00   7.76000000e+02]
 [  9.00000000e+00   5.63000000e+02]
 [  1.00000000e+01   5.92000000e+02]
 [  1.10000000e+01   1.66700000e+03]
 [  1.20000000e+01   1.78500000e+03]
 [  1.30000000e+01   7.68000000e+02]
 [  1.40000000e+01   6.96000000e+02]
 [  1.50000000e+01   1.50900000e+03]
 [  1.60000000e+01   1.43800000e+03]
 [  1.70000000e+01   8.69000000e+02]
 [  1.80000000e+01   1.28900000e+03]
 [  1.90000000e+01   8.27000000e+02]
 [  2.00000000e+01   5.17000000e+02]
 [  2.10000000e+01   8.87000000e+02]
 [  2.20000000e+01   1.63900000e+03]
 [  2.30000000e+01   9.90000000e+02]
 [  2.40000000e+01   7.40000000e+02]
 [  2.50000000e+01   4.64000000e+02]
 [  2.60000000e+01   1.39600000e+03]
 [  2.70000000e+01   1.37100000e+03]
 [  2.80000000e+01   3.87000000e+02]
 [  2.90000000e+01   3.94000000e+02]
 [  3.00000000e+01   1.44600000e+03]
 [  3.10000000e+01   1.33500000e+03]
 [  3.20000000e+01   5.93000000e+02]
 [  3.30000000e+01   4.62000000e+02]
 [  3.40000000e+01   3.07000000e+02]
 [  3.50000000e+01   6.27000000e+02]
 [  3.60000000e+01   3.75000000e+02]
 [  3.70000000e+01   3.76000000e+02]
 [  3.80000000e+01   5.17000000e+02]
 [  3.90000000e+01   6.25000000e+02]
 [  4.00000000e+01   4.00000000e+02]
 [  4.10000000e+01   3.23000000e+02]
 [  4.20000000e+01   2.85000000e+02]
 [  4.30000000e+01   1.68000000e+02]
 [  4.40000000e+01   1.82000000e+02]
 [  4.50000000e+01   4.09000000e+02]
 [  4.60000000e+01   4.34000000e+02]
 [  4.70000000e+01   2.86000000e+02]
 [  4.80000000e+01   2.27000000e+02]
 [  4.90000000e+01   2.21000000e+02]
 [  5.00000000e+01   6.50000000e+02]
 [  5.10000000e+01   1.61000000e+02]
 [  5.20000000e+01   3.62000000e+02]
 [  5.30000000e+01   2.00000000e+02]
 [  5.40000000e+01   8.06000000e+02]
 [  5.50000000e+01   2.40000000e+02]
 [  5.60000000e+01   4.19000000e+02]
 [  5.70000000e+01   3.79391000e+05]
 [  5.80000000e+01   1.60560000e+04]]