[[  0.00000000e+00   8.22500000e+03]
 [  1.00000000e+00   9.05000000e+02]
 [  2.00000000e+00   6.38000000e+02]
 [  3.00000000e+00   4.08500000e+03]
 [  4.00000000e+00   6.99000000e+02]
 [  5.00000000e+00   1.08700000e+03]
 [  6.00000000e+00   6.21000000e+02]
 [  7.00000000e+00   2.75600000e+03]
 [  8.00000000e+00   6.20000000e+02]
 [  9.00000000e+00   4.53000000e+02]
 [  1.00000000e+01   4.59000000e+02]
 [  1.10000000e+01   1.39200000e+03]
 [  1.20000000e+01   1.37700000e+03]
 [  1.30000000e+01   6.03000000e+02]
 [  1.40000000e+01   6.33000000e+02]
 [  1.50000000e+01   1.14100000e+03]
 [  1.60000000e+01   1.13400000e+03]
 [  1.70000000e+01   6.93000000e+02]
 [  1.80000000e+01   8.86000000e+02]
 [  1.90000000e+01   6.97000000e+02]
 [  2.00000000e+01   5.80000000e+02]
 [  2.10000000e+01   7.11000000e+02]
 [  2.20000000e+01   1.23100000e+03]
 [  2.30000000e+01   7.85000000e+02]
 [  2.40000000e+01   7.35000000e+02]
 [  2.50000000e+01   4.44000000e+02]
 [  2.60000000e+01   9.62000000e+02]
 [  2.70000000e+01   1.15100000e+03]
 [  2.80000000e+01   3.85000000e+02]
 [  2.90000000e+01   4.73000000e+02]
 [  3.00000000e+01   1.03100000e+03]
 [  3.10000000e+01   1.03000000e+03]
 [  3.20000000e+01   5.15000000e+02]
 [  3.30000000e+01   5.04000000e+02]
 [  3.40000000e+01   2.47000000e+02]
 [  3.50000000e+01   4.54000000e+02]
 [  3.60000000e+01   3.47000000e+02]
 [  3.70000000e+01   4.15000000e+02]
 [  3.80000000e+01   4.15000000e+02]
 [  3.90000000e+01   5.47000000e+02]
 [  4.00000000e+01   3.35000000e+02]
 [  4.10000000e+01   2.73000000e+02]
 [  4.20000000e+01   2.84000000e+02]
 [  4.30000000e+01   1.39000000e+02]
 [  4.40000000e+01   1.46000000e+02]
 [  4.50000000e+01   3.13000000e+02]
 [  4.60000000e+01   3.83000000e+02]
 [  4.70000000e+01   2.09000000e+02]
 [  4.80000000e+01   1.77000000e+02]
 [  4.90000000e+01   1.74000000e+02]
 [  5.00000000e+01   6.05000000e+02]
 [  5.10000000e+01   1.56000000e+02]
 [  5.20000000e+01   3.70000000e+02]
 [  5.30000000e+01   1.58000000e+02]
 [  5.40000000e+01   6.50000000e+02]
 [  5.50000000e+01   1.69000000e+02]
 [  5.60000000e+01   3.52000000e+02]
 [  5.70000000e+01   3.85958000e+05]
 [  5.80000000e+01   1.28800000e+04]]