[[  0.00000000e+00   1.08660000e+04]
 [  1.00000000e+00   1.15700000e+03]
 [  2.00000000e+00   8.84000000e+02]
 [  3.00000000e+00   4.97400000e+03]
 [  4.00000000e+00   9.49000000e+02]
 [  5.00000000e+00   1.35200000e+03]
 [  6.00000000e+00   9.16000000e+02]
 [  7.00000000e+00   3.73200000e+03]
 [  8.00000000e+00   7.36000000e+02]
 [  9.00000000e+00   6.03000000e+02]
 [  1.00000000e+01   5.49000000e+02]
 [  1.10000000e+01   1.58500000e+03]
 [  1.20000000e+01   1.64700000e+03]
 [  1.30000000e+01   8.02000000e+02]
 [  1.40000000e+01   7.97000000e+02]
 [  1.50000000e+01   1.34800000e+03]
 [  1.60000000e+01   1.41100000e+03]
 [  1.70000000e+01   8.67000000e+02]
 [  1.80000000e+01   1.13400000e+03]
 [  1.90000000e+01   8.07000000e+02]
 [  2.00000000e+01   7.04000000e+02]
 [  2.10000000e+01   9.56000000e+02]
 [  2.20000000e+01   1.61200000e+03]
 [  2.30000000e+01   9.08000000e+02]
 [  2.40000000e+01   8.60000000e+02]
 [  2.50000000e+01   5.76000000e+02]
 [  2.60000000e+01   1.50900000e+03]
 [  2.70000000e+01   1.36300000e+03]
 [  2.80000000e+01   4.29000000e+02]
 [  2.90000000e+01   5.04000000e+02]
 [  3.00000000e+01   1.62200000e+03]
 [  3.10000000e+01   1.14900000e+03]
 [  3.20000000e+01   6.19000000e+02]
 [  3.30000000e+01   5.76000000e+02]
 [  3.40000000e+01   3.07000000e+02]
 [  3.50000000e+01   5.51000000e+02]
 [  3.60000000e+01   3.99000000e+02]
 [  3.70000000e+01   4.41000000e+02]
 [  3.80000000e+01   5.88000000e+02]
 [  3.90000000e+01   6.30000000e+02]
 [  4.00000000e+01   3.79000000e+02]
 [  4.10000000e+01   3.60000000e+02]
 [  4.20000000e+01   3.46000000e+02]
 [  4.30000000e+01   1.69000000e+02]
 [  4.40000000e+01   1.88000000e+02]
 [  4.50000000e+01   3.69000000e+02]
 [  4.60000000e+01   4.22000000e+02]
 [  4.70000000e+01   2.69000000e+02]
 [  4.80000000e+01   2.29000000e+02]
 [  4.90000000e+01   2.10000000e+02]
 [  5.00000000e+01   6.28000000e+02]
 [  5.10000000e+01   1.77000000e+02]
 [  5.20000000e+01   3.70000000e+02]
 [  5.30000000e+01   1.87000000e+02]
 [  5.40000000e+01   7.08000000e+02]
 [  5.50000000e+01   2.28000000e+02]
 [  5.60000000e+01   4.34000000e+02]
 [  5.70000000e+01   4.20102000e+05]
 [  5.80000000e+01   1.58510000e+04]]