[[  0.00000000e+00   4.39150000e+04]
 [  1.00000000e+00   5.28800000e+03]
 [  2.00000000e+00   2.81000000e+03]
 [  3.00000000e+00   1.53230000e+04]
 [  4.00000000e+00   3.60700000e+03]
 [  5.00000000e+00   5.88100000e+03]
 [  6.00000000e+00   3.16300000e+03]
 [  7.00000000e+00   1.25030000e+04]
 [  8.00000000e+00   3.09200000e+03]
 [  9.00000000e+00   2.03900000e+03]
 [  1.00000000e+01   2.16600000e+03]
 [  1.10000000e+01   4.15100000e+03]
 [  1.20000000e+01   3.87600000e+03]
 [  1.30000000e+01   2.66700000e+03]
 [  1.40000000e+01   2.88800000e+03]
 [  1.50000000e+01   3.50800000e+03]
 [  1.60000000e+01   3.74400000e+03]
 [  1.70000000e+01   2.02500000e+03]
 [  1.80000000e+01   3.75900000e+03]
 [  1.90000000e+01   2.61100000e+03]
 [  2.00000000e+01   1.99700000e+03]
 [  2.10000000e+01   2.12600000e+03]
 [  2.20000000e+01   6.04200000e+03]
 [  2.30000000e+01   2.80000000e+03]
 [  2.40000000e+01   2.49500000e+03]
 [  2.50000000e+01   1.44700000e+03]
 [  2.60000000e+01   3.10200000e+03]
 [  2.70000000e+01   6.29300000e+03]
 [  2.80000000e+01   1.29100000e+03]
 [  2.90000000e+01   1.29800000e+03]
 [  3.00000000e+01   3.50800000e+03]
 [  3.10000000e+01   5.55200000e+03]
 [  3.20000000e+01   1.69800000e+03]
 [  3.30000000e+01   1.54800000e+03]
 [  3.40000000e+01   8.98000000e+02]
 [  3.50000000e+01   1.81800000e+03]
 [  3.60000000e+01   1.25600000e+03]
 [  3.70000000e+01   1.28200000e+03]
 [  3.80000000e+01   1.22900000e+03]
 [  3.90000000e+01   2.79200000e+03]
 [  4.00000000e+01   1.35800000e+03]
 [  4.10000000e+01   1.08800000e+03]
 [  4.20000000e+01   9.95000000e+02]
 [  4.30000000e+01   7.55000000e+02]
 [  4.40000000e+01   8.53000000e+02]
 [  4.50000000e+01   1.14100000e+03]
 [  4.60000000e+01   1.08000000e+03]
 [  4.70000000e+01   1.08400000e+03]
 [  4.80000000e+01   1.13500000e+03]
 [  4.90000000e+01   1.05800000e+03]
 [  5.00000000e+01   2.34300000e+03]
 [  5.10000000e+01   9.30000000e+02]
 [  5.20000000e+01   2.09300000e+03]
 [  5.30000000e+01   9.59000000e+02]
 [  5.40000000e+01   2.40600000e+03]
 [  5.50000000e+01   1.03200000e+03]
 [  5.60000000e+01   2.28000000e+03]
 [  5.70000000e+01   1.33200700e+06]
 [  5.80000000e+01   7.05790000e+04]]