[[  0.00000000e+00   2.14410000e+04]
 [  1.00000000e+00   2.62900000e+03]
 [  2.00000000e+00   1.37000000e+03]
 [  3.00000000e+00   7.77700000e+03]
 [  4.00000000e+00   1.77700000e+03]
 [  5.00000000e+00   2.90900000e+03]
 [  6.00000000e+00   1.55300000e+03]
 [  7.00000000e+00   6.57600000e+03]
 [  8.00000000e+00   1.52100000e+03]
 [  9.00000000e+00   1.04200000e+03]
 [  1.00000000e+01   1.17000000e+03]
 [  1.10000000e+01   1.96800000e+03]
 [  1.20000000e+01   1.91900000e+03]
 [  1.30000000e+01   1.38000000e+03]
 [  1.40000000e+01   1.40800000e+03]
 [  1.50000000e+01   1.69100000e+03]
 [  1.60000000e+01   1.87600000e+03]
 [  1.70000000e+01   1.01300000e+03]
 [  1.80000000e+01   2.09600000e+03]
 [  1.90000000e+01   1.19200000e+03]
 [  2.00000000e+01   8.59000000e+02]
 [  2.10000000e+01   1.11500000e+03]
 [  2.20000000e+01   3.36100000e+03]
 [  2.30000000e+01   1.26600000e+03]
 [  2.40000000e+01   1.09900000e+03]
 [  2.50000000e+01   6.56000000e+02]
 [  2.60000000e+01   1.86800000e+03]
 [  2.70000000e+01   3.52200000e+03]
 [  2.80000000e+01   5.49000000e+02]
 [  2.90000000e+01   5.97000000e+02]
 [  3.00000000e+01   2.18800000e+03]
 [  3.10000000e+01   2.81900000e+03]
 [  3.20000000e+01   7.31000000e+02]
 [  3.30000000e+01   7.38000000e+02]
 [  3.40000000e+01   4.84000000e+02]
 [  3.50000000e+01   1.05700000e+03]
 [  3.60000000e+01   5.94000000e+02]
 [  3.70000000e+01   5.92000000e+02]
 [  3.80000000e+01   7.00000000e+02]
 [  3.90000000e+01   1.68600000e+03]
 [  4.00000000e+01   6.12000000e+02]
 [  4.10000000e+01   5.55000000e+02]
 [  4.20000000e+01   5.22000000e+02]
 [  4.30000000e+01   4.09000000e+02]
 [  4.40000000e+01   4.56000000e+02]
 [  4.50000000e+01   5.63000000e+02]
 [  4.60000000e+01   5.50000000e+02]
 [  4.70000000e+01   5.82000000e+02]
 [  4.80000000e+01   5.16000000e+02]
 [  4.90000000e+01   4.97000000e+02]
 [  5.00000000e+01   1.18800000e+03]
 [  5.10000000e+01   4.51000000e+02]
 [  5.20000000e+01   1.10600000e+03]
 [  5.30000000e+01   4.29000000e+02]
 [  5.40000000e+01   1.30100000e+03]
 [  5.50000000e+01   5.33000000e+02]
 [  5.60000000e+01   1.16700000e+03]
 [  5.70000000e+01   5.93826000e+05]
 [  5.80000000e+01   3.59990000e+04]]