[[  0.00000000e+00   2.71400000e+04]
 [  1.00000000e+00   3.05600000e+03]
 [  2.00000000e+00   1.76700000e+03]
 [  3.00000000e+00   1.09440000e+04]
 [  4.00000000e+00   2.16700000e+03]
 [  5.00000000e+00   3.44900000e+03]
 [  6.00000000e+00   1.84400000e+03]
 [  7.00000000e+00   8.91700000e+03]
 [  8.00000000e+00   1.71600000e+03]
 [  9.00000000e+00   1.14300000e+03]
 [  1.00000000e+01   1.51900000e+03]
 [  1.10000000e+01   2.48400000e+03]
 [  1.20000000e+01   2.51600000e+03]
 [  1.30000000e+01   1.65500000e+03]
 [  1.40000000e+01   1.75700000e+03]
 [  1.50000000e+01   2.32600000e+03]
 [  1.60000000e+01   2.33600000e+03]
 [  1.70000000e+01   1.26900000e+03]
 [  1.80000000e+01   3.11500000e+03]
 [  1.90000000e+01   1.45200000e+03]
 [  2.00000000e+01   1.02600000e+03]
 [  2.10000000e+01   1.42100000e+03]
 [  2.20000000e+01   4.22800000e+03]
 [  2.30000000e+01   1.59900000e+03]
 [  2.40000000e+01   1.56500000e+03]
 [  2.50000000e+01   8.55000000e+02]
 [  2.60000000e+01   2.34200000e+03]
 [  2.70000000e+01   4.21000000e+03]
 [  2.80000000e+01   7.34000000e+02]
 [  2.90000000e+01   7.99000000e+02]
 [  3.00000000e+01   2.74500000e+03]
 [  3.10000000e+01   3.62700000e+03]
 [  3.20000000e+01   9.98000000e+02]
 [  3.30000000e+01   1.10200000e+03]
 [  3.40000000e+01   5.84000000e+02]
 [  3.50000000e+01   1.65500000e+03]
 [  3.60000000e+01   7.25000000e+02]
 [  3.70000000e+01   7.54000000e+02]
 [  3.80000000e+01   8.59000000e+02]
 [  3.90000000e+01   2.04500000e+03]
 [  4.00000000e+01   7.66000000e+02]
 [  4.10000000e+01   7.29000000e+02]
 [  4.20000000e+01   6.65000000e+02]
 [  4.30000000e+01   5.44000000e+02]
 [  4.40000000e+01   6.02000000e+02]
 [  4.50000000e+01   8.04000000e+02]
 [  4.60000000e+01   7.53000000e+02]
 [  4.70000000e+01   7.98000000e+02]
 [  4.80000000e+01   6.91000000e+02]
 [  4.90000000e+01   7.10000000e+02]
 [  5.00000000e+01   1.68100000e+03]
 [  5.10000000e+01   6.49000000e+02]
 [  5.20000000e+01   1.47600000e+03]
 [  5.30000000e+01   6.96000000e+02]
 [  5.40000000e+01   1.87000000e+03]
 [  5.50000000e+01   7.87000000e+02]
 [  5.60000000e+01   1.66000000e+03]
 [  5.70000000e+01   5.53874000e+05]
 [  5.80000000e+01   4.79030000e+04]]