[[  0.00000000e+00   1.63790000e+04]
 [  1.00000000e+00   1.93500000e+03]
 [  2.00000000e+00   1.04800000e+03]
 [  3.00000000e+00   6.05700000e+03]
 [  4.00000000e+00   1.25700000e+03]
 [  5.00000000e+00   2.26600000e+03]
 [  6.00000000e+00   1.17600000e+03]
 [  7.00000000e+00   5.03700000e+03]
 [  8.00000000e+00   1.09300000e+03]
 [  9.00000000e+00   7.51000000e+02]
 [  1.00000000e+01   8.47000000e+02]
 [  1.10000000e+01   1.64900000e+03]
 [  1.20000000e+01   1.54900000e+03]
 [  1.30000000e+01   1.06200000e+03]
 [  1.40000000e+01   1.27900000e+03]
 [  1.50000000e+01   1.42500000e+03]
 [  1.60000000e+01   1.49300000e+03]
 [  1.70000000e+01   8.52000000e+02]
 [  1.80000000e+01   1.76400000e+03]
 [  1.90000000e+01   9.13000000e+02]
 [  2.00000000e+01   7.50000000e+02]
 [  2.10000000e+01   9.43000000e+02]
 [  2.20000000e+01   2.89900000e+03]
 [  2.30000000e+01   9.49000000e+02]
 [  2.40000000e+01   8.18000000e+02]
 [  2.50000000e+01   4.74000000e+02]
 [  2.60000000e+01   1.48900000e+03]
 [  2.70000000e+01   2.56800000e+03]
 [  2.80000000e+01   4.88000000e+02]
 [  2.90000000e+01   5.30000000e+02]
 [  3.00000000e+01   1.76600000e+03]
 [  3.10000000e+01   2.26300000e+03]
 [  3.20000000e+01   5.33000000e+02]
 [  3.30000000e+01   5.97000000e+02]
 [  3.40000000e+01   3.26000000e+02]
 [  3.50000000e+01   8.16000000e+02]
 [  3.60000000e+01   4.37000000e+02]
 [  3.70000000e+01   5.11000000e+02]
 [  3.80000000e+01   5.18000000e+02]
 [  3.90000000e+01   1.21700000e+03]
 [  4.00000000e+01   5.50000000e+02]
 [  4.10000000e+01   4.16000000e+02]
 [  4.20000000e+01   4.00000000e+02]
 [  4.30000000e+01   2.74000000e+02]
 [  4.40000000e+01   3.04000000e+02]
 [  4.50000000e+01   4.26000000e+02]
 [  4.60000000e+01   4.49000000e+02]
 [  4.70000000e+01   4.73000000e+02]
 [  4.80000000e+01   4.06000000e+02]
 [  4.90000000e+01   3.84000000e+02]
 [  5.00000000e+01   9.97000000e+02]
 [  5.10000000e+01   3.41000000e+02]
 [  5.20000000e+01   7.91000000e+02]
 [  5.30000000e+01   3.27000000e+02]
 [  5.40000000e+01   1.03500000e+03]
 [  5.50000000e+01   4.12000000e+02]
 [  5.60000000e+01   8.11000000e+02]
 [  5.70000000e+01   4.47409000e+05]
 [  5.80000000e+01   2.71110000e+04]]